255 255 255
255 255 0
255 0 0
5
40 50 600 60
Configuration dek juego Bonol

255 255 255
255 255 0
255 0 0
6
50 210 160 40
Sonoro

181 230 29
127 127 127
0 0 0
5
370 210 40 40
On

239 228 176
195 195 195
0 0 0
5
370 210 40 40
#

181 230 29
127 127 127
0 0 0
5
540 210 40 40
Off

239 228 176
195 195 195
0 0 0
5
370 210 40 40
#

255 255 255
255 255 0
255 0 0
6
50 285 160 40
Lengua

181 230 29
127 127 127
0 0 0
5
340 285 250 40
Spanish

239 228 176
195 195 195
0 0 0
5
370 210 40 40
>>

239 228 176
195 195 195
0 0 0
5
370 210 40 40
<<

255 255 255
255 255 0
255 0 0
6
50 355 160 40
Resolucion

181 230 29
127 127 127
0 0 0
5
380 355 280 40
800x600

239 228 176
195 195 195
0 0 0
5
370 210 40 40
>>

239 228 176
195 195 195
0 0 0
5
370 210 40 40
<<

181 230 29
127 127 127
0 0 0
5
380 420 280 40
A pantalla completa

239 228 176
195 195 195
0 0 0
5
370 210 40 40
#

255 0 0
197 197 197
255 255 255
5
0 500 100 40
Volver al menu