27 20 100
27 20 100
255 255 255
4
40 50 1 1
Ahora es el turno de:

27 20 100
27 20 100
255 255 255
4
465 50 290 1
#

27 20 100
27 20 100
255 255 255
4
500 186 1 1
Jugadas posibles:

27 20 100
27 20 100
255 255 255
4
305 550 1 1
Cancela

27 20 100
27 20 100
255 255 255
4
600 550 1 1
Salida

27 20 100
27 20 100
255 255 255
4
36 550 1 1
Menu

27 20 100
27 20 100
255 255 255
4
600 310 1 1
Elijo mudarme

27 20 100
27 20 100
255 255 255
4
635 225 1 1
#

27 20 100
27 20 100
255 255 255
4
502 388 1 1
Ganador:

27 20 100
27 20 100
255 255 255
4
502 435 1 1
#