27 20 100
27 20 100
255 255 255
4
40 50 1 1
Ora e il turno di:

27 20 100
27 20 100
255 255 255
4
465 50 290 1
#

27 20 100
27 20 100
255 255 255
4
500 186 1 1
Mosse possibili:

27 20 100
27 20 100
255 255 255
4
305 550 1 1
Annulla

27 20 100
27 20 100
255 255 255
4
600 550 1 1
Esci 

27 20 100
27 20 100
255 255 255
4
36 550 1 1
Menu

27 20 100
27 20 100
255 255 255
4
600 310 1 1
Ho scelto di spotare

27 20 100
27 20 100
255 255 255
4
635 225 1 1
#

27 20 100
27 20 100
255 255 255
4
502 388 1 1
Vincitore:

27 20 100
27 20 100
255 255 255
4
502 435 1 1
#

