27 20 100
27 20 100
255 255 255
4
580 120 1 40
1 vs. 1

27 20 100
27 20 100
255 255 255
4
580 70 1 40
1 vs. AI

27 20 100
27 20 100
255 255 0
4
280 0 1 40
Configure le mode de jeu:

27 20 100
27 20 100
255 255 0
4
0 400 1 40
Joueur1:

27 20 100
27 20 100
255 255 0
4
0 460 1 40
Table:

27 20 100
27 20 100
255 255 0
4
0 520 1 40
Debut du Jeu

255 255 255
0 0 0
255 255 0
4
0 480 40 40
#

255 255 255
0 0 0
255 255 0
4
0 480 40 40
#

27 20 100
27 20 100
255 255 0
4
486 400 1 40
Joueur2:

27 20 100
27 20 100
255 255 0
4
539 460 1 40
Disque:

27 20 100
27 20 100
255 255 0
4
0 250 1 40
Nom Joueur1:

100 100 100
27 20 100
255 255 0
4
0 300 300 40
#

27 20 100
27 20 100
255 255 0
4
571 250 1 40
Nom Joueur2:

100 100 100
27 20 100
255 255 0
4
499 300 300 40
#

100 90 40
255 255 255
255 255 0
2
600 100 40 40
#

27 20 100
27 20 100
255 255 0
4
600 100 40 40
Arriere
