27 20 100
27 20 100
255 255 255
4
40 50 1 1
Maintenant c'est son tour:

27 20 100
27 20 100
255 255 255
4
465 50 290 1
#

27 20 100
27 20 100
255 255 255
4
500 186 1 1
Solution possibles:

27 20 100
27 20 100
255 255 255
4
305 550 1 1
Annule

27 20 100
27 20 100
255 255 255
4
600 550 1 1
Sortir

27 20 100
27 20 100
255 255 255
4
36 550 1 1
Menu

27 20 100
27 20 100
255 255 255
4
600 310 1 1
Je demenage

27 20 100
27 20 100
255 255 255
4
635 225 1 1
#

27 20 100
27 20 100
255 255 255
4
502 388 1 1
Gagnant:

27 20 100
27 20 100
255 255 255
4
502 435 1 1
#

