546 303 185 94
512 403 246 94
476 503 303 94

482 318
727 318
425 407
759 407
331 508
791 508

412 433 85 81
954 433 85 81

0 0 615 681
751 0 615 681
166 74 185 377

61 365 683 1032

0 0 251 116
1115 0 251 120

311 456 601 746 891 1036

116 1080

170 580 211 434

0 270

48 537 1005

7 460 914

396 54 454 49

0 291 488 384
489 291 469 384
958 291 408 384

1000 1000

1366 0

93 539 975

52 544 1014

252 696 1209

317 790 989

28 269
537 778
1031 1245

15 9 76 76

227 308 389
631 712 793

0 676

1192 236
124 0
651 732 813

741 822 903

77 158 239

23 210
543 728
1107 1248
